 0.0002056    -0.0005984
 0.0008955    -0.0017542
 0.0019848    -0.0029087
 0.0035758    -0.0041420
 0.0058537    -0.0055860
 0.0091431    -0.0073727
 0.0135928    -0.0093452
 0.0186663    -0.0111893
 0.0247557    -0.0130467
 0.0329813    -0.0151390
 0.0436762    -0.0173790
 0.0547512    -0.0192885
 0.0658410    -0.0209098
 0.0774405    -0.0223616
 0.0895086    -0.0236649
 0.1017308    -0.0248088
 0.1139670    -0.0258119
 0.1262507    -0.0266994
 0.1386172    -0.0274868
 0.1510601    -0.0281859
 0.1635514    -0.0288043
 0.1760719    -0.0293489
 0.1886150    -0.0298276
 0.2011823    -0.0302466
 0.2137734    -0.0306110
 0.2263848    -0.0309258
 0.2390103    -0.0311947
 0.2516451    -0.0314196
 0.2642866    -0.0316025
 0.2769349    -0.0317454
 0.2895911    -0.0318501
 0.3022551    -0.0319186
 0.3149262    -0.0319526
 0.3276022    -0.0319537
 0.3402813    -0.0319226
 0.3529625    -0.0318599
 0.3656453    -0.0317665
 0.3783305    -0.0316428
 0.3910180    -0.0314894
 0.4037077    -0.0313069
 0.4163981    -0.0310959
 0.4290875    -0.0308567
 0.4417745    -0.0305889
 0.4544589    -0.0302924
 0.4671415    -0.0299665
 0.4798245    -0.0296112
 0.4925094    -0.0292269
 0.5051966    -0.0288142
 0.5178850    -0.0283738
 0.5305720    -0.0279062
 0.5432552    -0.0274109
 0.5559334    -0.0268872
 0.5686071    -0.0263343
 0.5812780    -0.0257514
 0.5939487    -0.0251386
 0.6066205    -0.0244966
 0.6192939    -0.0238258
 0.6319683    -0.0231268
 0.6446425    -0.0224001
 0.6573160    -0.0216460
 0.6699890    -0.0208647
 0.6826625    -0.0200567
 0.6953381    -0.0192231
 0.7080178    -0.0183652
 0.7207041    -0.0174845
 0.7333993    -0.0165825
 0.7461055    -0.0156619
 0.7588225    -0.0147256
 0.7715476    -0.0137765
 0.7842771    -0.0128174
 0.7970085    -0.0118492
 0.8097426    -0.0108730
 0.8224830    -0.0098892
 0.8352324    -0.0088993
 0.8479868    -0.0079051
 0.8607351    -0.0069094
 0.8734648    -0.0059184
 0.8861717    -0.0049395
 0.8988599    -0.0039791
 0.9115320    -0.0030426
 0.9241753    -0.0021362
 0.9367624    -0.0012715
 0.9492623    -0.0004674
 0.9616297     0.0002541
 0.9737011     0.0008605
 0.9850341     0.0013077
 0.9947108     0.0015488
 0.9997500     0.0015900
