0
0.35626
1.33331
3.66108
7.2922
11.35604
15.59135
19.91328
24.28443
28.68627
33.10518
37.53128
41.95991
46.38793
50.8156
55.2486
59.69223
64.13685
68.579
73.02401
77.47357
81.93114
86.38589
90.8108
100
0
0.43123
1.47147
3.92479
7.79506
12.0143
16.32276
20.67013
25.03792
29.41554
33.79772
38.18675
42.57527
46.96278
51.35062
55.73662
60.12075
64.50502
68.8901
73.28011
77.67783
82.07965
86.47978
100
0
12
21
27
33
39
45
51
57
63
69
72
75
78
81
84
87
90
93
96
99
102
105
108
111
114
117
120
123
126
129
132
135
138
141
144
147
150
156
162
168
174
180
186
195
207
219
43.5
55.5
67.5
79.5
91.5
103.5
115.5
127.5
139.5
151.5
163.5
175.5